[TimingPoints]
1662,400.0,4,1,0,100,1,0

[HitObjects]
36,192,14462,1,0
180,192,14662,1,0
396,192,14662,1,0
36,192,14862,1,0
180,192,15062,1,0
36,192,15262,1,0
396,192,15262,1,0
180,192,15462,1,0
36,192,15662,1,0
180,192,15862,1,0
396,192,15862,1,0
468,192,16062,1,0
324,192,16262,1,0
468,192,16462,1,0
324,192,16662,1,0
468,192,16862,1,0
324,192,17062,1,0
468,192,17262,1,0
324,192,17462,1,0
252,192,17562,1,0
36,192,17662,1,0
180,192,17862,1,0
396,192,17862,1,0
36,192,18062,1,0
180,192,18262,1,0
36,192,18462,1,0
396,192,18462,1,0
180,192,18662,1,0
36,192,18862,1,0
180,192,19062,1,0
396,192,19062,1,0
468,192,19262,1,0
324,192,19462,1,0
468,192,19662,1,0
324,192,19862,1,0
468,192,20062,1,0
324,192,20262,1,0
468,192,20462,1,0
108,192,20462,1,0
324,192,20662,1,0
252,192,20762,1,0
36,192,20862,1,0
108,192,21062,1,0
324,192,21062,1,0
36,192,21262,1,0
108,192,21462,1,0
36,192,21662,1,0
324,192,21662,1,0
108,192,21862,1,0
36,192,22062,1,0
108,192,22262,1,0
324,192,22262,1,0
468,192,22462,1,0
396,192,22662,1,0
468,192,22862,1,0
396,192,23062,1,0
468,192,23262,1,0
396,192,23462,1,0
468,192,23662,1,0
396,192,23862,1,0
252,192,23962,1,0
36,192,24062,1,0
108,192,24262,1,0
324,192,24262,1,0
36,192,24462,1,0
108,192,24662,1,0
36,192,24862,1,0
324,192,24862,1,0
108,192,25062,1,0
36,192,25262,1,0
108,192,25462,1,0
324,192,25462,1,0
468,192,25662,1,0
180,192,25762,1,0
396,192,25862,1,0
468,192,26062,1,0
180,192,26062,1,0
396,192,26262,1,0
468,192,26462,1,0
180,192,26562,1,0
396,192,26662,1,0
36,192,26762,1,0
108,192,26812,1,0
468,192,26862,1,0
180,192,26862,1,0
180,192,26962,1,0
36,192,27062,1,0
396,192,27062,1,0
180,192,27162,1,0
36,192,27262,1,0
324,192,27262,1,0
252,192,27462,1,0
468,192,27462,1,0
180,192,27662,1,0
36,192,27662,1,0
396,192,27762,1,0
252,192,27862,1,0
36,192,28062,1,0
468,192,28062,1,0
252,192,28262,1,0
396,192,28362,1,0
108,192,28462,1,0
36,192,28462,1,0
252,192,28662,1,0
468,192,28662,1,0
36,192,28862,1,0
252,192,29062,1,0
396,192,29062,1,0
180,192,29262,1,0
36,192,29262,1,0
396,192,29262,1,0
252,192,29462,1,0
36,192,29662,1,0
468,192,29762,1,0
252,192,29862,1,0
180,192,30062,1,0
108,192,30062,1,0
468,192,30062,1,0
252,192,30262,1,0
180,192,30362,1,0
468,192,30462,1,0
252,192,30662,1,0
36,192,30662,1,0
468,192,30862,1,0
324,192,30862,1,0
36,192,30962,1,0
252,192,31062,1,0
468,192,31262,1,0
36,192,31262,1,0
252,192,31462,1,0
36,192,31562,1,0
396,192,31662,1,0
468,192,31662,1,0
252,192,31862,1,0
108,192,31862,1,0
468,192,32062,1,0
252,192,32262,1,0
180,192,32262,1,0
324,192,32462,1,0
468,192,32462,1,0
180,192,32562,1,0
252,192,32662,1,0
468,192,32862,1,0
108,192,32862,1,0
324,192,32962,1,0
252,192,33062,1,0
36,192,33162,1,0
396,192,33262,1,0
324,192,33262,1,0
252,192,33462,1,0
108,192,33462,1,0
180,192,33562,1,0
36,192,33662,1,0
252,192,33862,1,0
468,192,33862,1,0
36,192,34062,1,0
180,192,34062,1,0
396,192,34162,1,0
252,192,34262,1,0
36,192,34462,1,0
468,192,34462,1,0
252,192,34662,1,0
396,192,34762,1,0
36,192,34862,1,0
108,192,34862,1,0
252,192,35062,1,0
468,192,35062,1,0
36,192,35262,1,0
252,192,35462,1,0
324,192,35462,1,0
324,192,35662,1,0
180,192,35662,1,0
36,192,35662,1,0
252,192,35862,1,0
36,192,36062,1,0
396,192,36162,1,0
252,192,36262,1,0
108,192,36462,1,0
180,192,36462,1,0
396,192,36462,1,0
252,192,36662,1,0
180,192,36762,1,0
468,192,36862,1,0
252,192,37062,1,0
108,192,37062,1,0
324,192,37262,1,0
468,192,37262,1,0
108,192,37262,1,0
252,192,37462,1,0
468,192,37662,1,0
180,192,37662,1,0
252,192,37862,1,0
36,192,37962,1,0
468,192,38062,1,0
396,192,38062,1,0
36,192,38162,1,0
252,192,38262,1,0
108,192,38262,1,0
468,192,38462,1,0
252,192,38662,1,0
180,192,38662,1,0
468,192,38862,1,0
324,192,38862,1,0
180,192,38962,1,0
252,192,39062,1,0
468,192,39262,1,0
108,192,39262,1,0
324,192,39362,1,0
252,192,39462,1,0
108,192,39562,1,0
324,192,39662,1,0
396,192,39662,1,0
108,192,39762,1,0
180,192,39862,1,0
252,192,39862,1,0
36,192,40062,1,0
468,192,40262,1,0
324,192,40362,1,0
252,192,40462,1,0
108,192,40462,1,0
36,192,40462,1,0
396,192,40562,1,0
324,192,40662,1,0
252,192,40762,1,0
36,192,40862,1,0
468,192,40862,1,0
324,192,40962,1,0
252,192,41062,1,0
396,192,41162,1,0
324,192,41262,1,0
180,192,41262,1,0
36,192,41262,1,0
252,192,41362,1,0
468,192,41462,1,0
324,192,41562,1,0
108,192,41662,1,0
252,192,41662,1,0
324,192,41762,1,0
468,192,41862,1,0
252,192,41962,1,0
36,192,42062,1,0
108,192,42062,1,0
396,192,42062,1,0
324,192,42162,1,0
180,192,42262,1,0
324,192,42362,1,0
108,192,42462,1,0
252,192,42462,1,0
468,192,42562,1,0
324,192,42662,1,0
252,192,42762,1,0
468,192,42862,1,0
180,192,42862,1,0
108,192,42862,1,0
396,192,42962,1,0
252,192,43062,1,0
324,192,43162,1,0
180,192,43162,1,0
468,192,43262,1,0
252,192,43262,1,0
180,192,43362,1,0
108,192,43462,1,0
36,192,43562,1,0
468,192,43662,1,0
396,192,43662,1,0
180,192,43662,1,0
252,192,43762,1,0
180,192,43862,1,0
36,192,43962,1,0
468,192,44062,1,0
252,192,44062,1,0
180,192,44162,1,0
36,192,44262,1,0
108,192,44362,1,0
180,192,44462,1,0
324,192,44462,1,0
468,192,44462,1,0
252,192,44562,1,0
108,192,44662,1,0
36,192,44762,1,0
396,192,44862,1,0
324,192,44862,1,0
252,192,44962,1,0
108,192,45062,1,0
324,192,45162,1,0
180,192,45262,1,0
396,192,45262,1,0
468,192,45262,1,0
324,192,45362,1,0
108,192,45462,1,0
36,192,45562,1,0
396,192,45662,1,0
252,192,45662,1,0
324,192,45762,1,0
180,192,45762,1,0
36,192,45862,1,0
252,192,45962,1,0
396,192,46062,1,0
36,192,46062,1,0
324,192,46062,1,0
108,192,46162,1,0
180,192,46262,1,0
36,192,46462,1,0
468,192,46662,1,0
396,192,46762,1,0
180,192,46862,1,0
36,192,46862,1,0
108,192,46862,1,0
468,192,46962,1,0
252,192,47062,1,0
180,192,47162,1,0
36,192,47262,1,0
468,192,47262,1,0
396,192,47362,1,0
180,192,47462,1,0
468,192,47562,1,0
324,192,47662,1,0
36,192,47662,1,0
180,192,47662,1,0
252,192,47762,1,0
468,192,47862,1,0
396,192,47962,1,0
108,192,48062,1,0
252,192,48062,1,0
324,192,48162,1,0
468,192,48262,1,0
252,192,48362,1,0
396,192,48462,1,0
36,192,48462,1,0
108,192,48462,1,0
324,192,48562,1,0
180,192,48662,1,0
324,192,48762,1,0
108,192,48862,1,0
252,192,48862,1,0
468,192,48962,1,0
396,192,49062,1,0
252,192,49162,1,0
468,192,49262,1,0
108,192,49262,1,0
180,192,49262,1,0
396,192,49362,1,0
324,192,49462,1,0
252,192,49562,1,0
180,192,49562,1,0
468,192,49662,1,0
324,192,49662,1,0
252,192,49762,1,0
36,192,49862,1,0
252,192,49962,1,0
396,192,50062,1,0
468,192,50062,1,0
36,192,50062,1,0
108,192,50162,1,0
180,192,50262,1,0
252,192,50362,1,0
468,192,50462,1,0
324,192,50462,1,0
108,192,50562,1,0
252,192,50662,1,0
36,192,50762,1,0
252,192,50862,1,0
468,192,50862,1,0
324,192,50862,1,0
36,192,50962,1,0
108,192,51062,1,0
180,192,51162,1,0
396,192,51262,1,0
324,192,51262,1,0
180,192,51362,1,0
36,192,51462,1,0
108,192,51562,1,0
396,192,51662,1,0
468,192,51662,1,0
36,192,51662,1,0
180,192,51762,1,0
252,192,51862,1,0
324,192,51962,1,0
396,192,52062,1,0
180,192,52062,1,0
324,192,52162,1,0
108,192,52162,1,0
252,192,52262,1,0
36,192,52362,1,0
324,192,52462,1,0
252,192,52462,1,0
396,192,52462,1,0
36,192,52562,1,0
108,192,52662,1,0
252,192,52762,1,0
468,192,52862,1,0
36,192,52862,1,0
324,192,53062,1,0
252,192,53062,1,0
180,192,53162,1,0
468,192,53262,1,0
396,192,53262,1,0
108,192,53262,1,0
180,192,53362,1,0
252,192,53362,1,0
108,192,53462,1,0
36,192,53562,1,0
396,192,53662,1,0
180,192,53662,1,0
324,192,53662,1,0
252,192,53762,1,0
108,192,53862,1,0
180,192,53962,1,0
252,192,53962,1,0
468,192,54062,1,0
396,192,54062,1,0
108,192,54062,1,0
36,192,54162,1,0
324,192,54262,1,0
252,192,54262,1,0
180,192,54362,1,0
468,192,54462,1,0
36,192,54462,1,0
180,192,54562,1,0
324,192,54562,1,0
252,192,54662,1,0
36,192,54762,1,0
468,192,54862,1,0
396,192,54862,1,0
180,192,54862,1,0
324,192,54862,1,0
252,192,54962,1,0
108,192,55062,1,0
180,192,55162,1,0
252,192,55162,1,0
396,192,55262,1,0
108,192,55262,1,0
36,192,55362,1,0
180,192,55462,1,0
252,192,55462,1,0
324,192,55562,1,0
108,192,55662,1,0
396,192,55662,1,0
468,192,55662,1,0
180,192,55762,1,0
252,192,55762,1,0
36,192,55862,1,0
396,192,55962,1,0
324,192,55962,1,0
252,192,55962,1,0
36,192,56062,1,0
396,192,56262,1,0
468,192,56262,1,0
324,192,56362,1,0
108,192,56462,1,0
36,192,56462,1,0
180,192,56462,1,0
324,192,56562,1,0
468,192,56562,1,0
396,192,56662,1,0
180,192,56762,1,0
108,192,56862,1,0
324,192,56862,1,0
396,192,56862,1,0
252,192,56962,1,0
180,192,57062,1,0
324,192,57162,1,0
468,192,57162,1,0
108,192,57262,1,0
36,192,57262,1,0
252,192,57262,1,0
180,192,57362,1,0
396,192,57462,1,0
468,192,57462,1,0
324,192,57562,1,0
36,192,57662,1,0
180,192,57662,1,0
252,192,57762,1,0
396,192,57862,1,0
468,192,57862,1,0
324,192,57962,1,0
108,192,58062,1,0
36,192,58062,1,0
252,192,58062,1,0
324,192,58162,1,0
396,192,58162,1,0
468,192,58262,1,0
180,192,58362,1,0
108,192,58462,1,0
396,192,58462,1,0
468,192,58462,1,0
36,192,58562,1,0
324,192,58562,1,0
252,192,58662,1,0
324,192,58762,1,0
468,192,58762,1,0
108,192,58862,1,0
36,192,58862,1,0
252,192,58862,1,0
180,192,58962,1,0
396,192,59062,1,0
324,192,59062,1,0
252,192,59162,1,0
468,192,59262,1,0
324,192,59462,1,0
252,192,59462,1,0
180,192,59562,1,0
36,192,59662,1,0
468,192,59662,1,0
396,192,59662,1,0
180,192,59762,1,0
252,192,59762,1,0
108,192,59862,1,0
36,192,59962,1,0
396,192,60062,1,0
108,192,60062,1,0
252,192,60062,1,0
180,192,60162,1,0
36,192,60262,1,0
180,192,60362,1,0
252,192,60362,1,0
396,192,60462,1,0
468,192,60462,1,0
108,192,60462,1,0
36,192,60562,1,0
324,192,60662,1,0
252,192,60662,1,0
180,192,60762,1,0
468,192,60862,1,0
108,192,60862,1,0
180,192,60962,1,0
252,192,60962,1,0
324,192,61062,1,0
36,192,61162,1,0
396,192,61262,1,0
468,192,61262,1,0
180,192,61262,1,0
324,192,61262,1,0
252,192,61362,1,0
108,192,61462,1,0
324,192,61562,1,0
252,192,61562,1,0
396,192,61662,1,0
180,192,61662,1,0
36,192,61762,1,0
180,192,61862,1,0
252,192,61862,1,0
108,192,61962,1,0
36,192,62062,1,0
468,192,62062,1,0
396,192,62062,1,0
108,192,62162,1,0
252,192,62162,1,0
324,192,62262,1,0
252,192,62362,1,0
180,192,62362,1,0
396,192,62362,1,0
36,192,62462,1,0
324,192,62662,1,0
396,192,62662,1,0
252,192,62762,1,0
36,192,62862,1,0
108,192,62862,1,0
180,192,62862,1,0
252,192,62962,1,0
396,192,62962,1,0
324,192,63062,1,0
180,192,63162,1,0
108,192,63262,1,0
324,192,63262,1,0
396,192,63262,1,0
468,192,63362,1,0
180,192,63462,1,0
252,192,63562,1,0
396,192,63562,1,0
468,192,63662,1,0
108,192,63662,1,0
36,192,63662,1,0
180,192,63762,1,0
396,192,63862,1,0
468,192,63862,1,0
324,192,63962,1,0
36,192,64062,1,0
252,192,64062,1,0
324,192,64162,1,0
396,192,64262,1,0
468,192,64262,1,0
324,192,64362,1,0
36,192,64462,1,0
108,192,64462,1,0
252,192,64462,1,0
324,192,64562,1,0
396,192,64562,1,0
252,192,64662,1,0
180,192,64762,1,0
108,192,64862,1,0
324,192,64862,1,0
468,192,64862,1,0
36,192,64962,1,0
396,192,64962,1,0
252,192,65062,1,0
324,192,65162,1,0
396,192,65162,1,0
36,192,65262,1,0
108,192,65262,1,0
468,192,65262,1,0
252,192,65362,1,0
468,192,65462,1,0
396,192,65462,1,0
468,192,65662,1,0
36,192,65662,1,0
252,192,65862,1,0
324,192,65862,1,0
180,192,65962,1,0
108,192,66062,1,0
468,192,66062,1,0
396,192,66062,1,0
252,192,66162,1,0
180,192,66162,1,0
108,192,66262,1,0
36,192,66362,1,0
396,192,66462,1,0
180,192,66462,1,0
324,192,66462,1,0
252,192,66562,1,0
108,192,66662,1,0
252,192,66762,1,0
180,192,66762,1,0
396,192,66862,1,0
468,192,66862,1,0
108,192,66862,1,0
36,192,66962,1,0
252,192,67062,1,0
324,192,67062,1,0
180,192,67162,1,0
36,192,67262,1,0
468,192,67262,1,0
324,192,67362,1,0
180,192,67362,1,0
252,192,67462,1,0
36,192,67562,1,0
468,192,67662,1,0
180,192,67662,1,0
324,192,67662,1,0
396,192,67662,1,0
252,192,67762,1,0
108,192,67862,1,0
252,192,67962,1,0
180,192,67962,1,0
108,192,68062,1,0
396,192,68062,1,0
36,192,68162,1,0
252,192,68262,1,0
180,192,68262,1,0
324,192,68362,1,0
108,192,68462,1,0
396,192,68462,1,0
468,192,68462,1,0
252,192,68562,1,0
180,192,68562,1,0
36,192,68662,1,0
252,192,68762,1,0
324,192,68762,1,0
396,192,68762,1,0
36,192,68862,1,0
468,192,69062,1,0
396,192,69062,1,0
324,192,69162,1,0
180,192,69262,1,0
108,192,69262,1,0
36,192,69262,1,0
468,192,69362,1,0
324,192,69362,1,0
396,192,69462,1,0
180,192,69562,1,0
396,192,69662,1,0
324,192,69662,1,0
108,192,69662,1,0
252,192,69762,1,0
180,192,69862,1,0
468,192,69962,1,0
324,192,69962,1,0
252,192,70062,1,0
108,192,70062,1,0
36,192,70062,1,0
180,192,70162,1,0
468,192,70262,1,0
396,192,70262,1,0
324,192,70362,1,0
180,192,70462,1,0
36,192,70462,1,0
252,192,70562,1,0
468,192,70662,1,0
396,192,70662,1,0
324,192,70762,1,0
252,192,70862,1,0
108,192,70862,1,0
36,192,70862,1,0
396,192,70962,1,0
324,192,70962,1,0
468,192,71062,1,0
180,192,71162,1,0
396,192,71262,1,0
468,192,71262,1,0
108,192,71262,1,0
324,192,71362,1,0
36,192,71362,1,0
252,192,71462,1,0
468,192,71562,1,0
324,192,71562,1,0
36,192,71662,1,0
108,192,71662,1,0
252,192,71662,1,0
180,192,71762,1,0
324,192,71862,1,0
396,192,71862,1,0
252,192,71962,1,0
468,192,72062,1,0
252,192,72262,1,0
324,192,72262,1,0
180,192,72362,1,0
36,192,72462,1,0
396,192,72462,1,0
468,192,72462,1,0
252,192,72562,1,0
180,192,72562,1,0
108,192,72662,1,0
36,192,72762,1,0
252,192,72862,1,0
108,192,72862,1,0
396,192,72862,1,0
180,192,72962,1,0
36,192,73062,1,0
252,192,73162,1,0
180,192,73162,1,0
108,192,73262,1,0
396,192,73262,1,0
468,192,73262,1,0
36,192,73362,1,0
252,192,73462,1,0
324,192,73462,1,0
180,192,73562,1,0
108,192,73662,1,0
468,192,73662,1,0
252,192,73762,1,0
180,192,73762,1,0
324,192,73862,1,0
36,192,73962,1,0
468,192,74062,1,0
180,192,74062,1,0
396,192,74062,1,0
324,192,74062,1,0
252,192,74162,1,0
108,192,74262,1,0
252,192,74362,1,0
324,192,74362,1,0
180,192,74462,1,0
396,192,74462,1,0
36,192,74562,1,0
252,192,74662,1,0
180,192,74662,1,0
108,192,74762,1,0
36,192,74862,1,0
396,192,74862,1,0
468,192,74862,1,0
252,192,74962,1,0
108,192,74962,1,0
324,192,75062,1,0
252,192,75162,1,0
180,192,75162,1,0
396,192,75162,1,0
36,192,75262,1,0
396,192,75462,1,0
324,192,75462,1,0
252,192,75562,1,0
180,192,75662,1,0
108,192,75662,1,0
396,192,75762,1,0
252,192,75762,1,0
324,192,75862,1,0
180,192,75962,1,0
396,192,76062,1,0
324,192,76062,1,0
36,192,76062,1,0
468,192,76162,1,0
180,192,76262,1,0
396,192,76362,1,0
252,192,76362,1,0
468,192,76462,1,0
108,192,76462,1,0
180,192,76562,1,0
468,192,76662,1,0
396,192,76662,1,0
324,192,76762,1,0
252,192,76862,1,0
36,192,76862,1,0
324,192,76962,1,0
468,192,77062,1,0
396,192,77062,1,0
36,192,77062,1,0
324,192,77162,1,0
252,192,77262,1,0
108,192,77262,1,0
396,192,77362,1,0
324,192,77362,1,0
252,192,77462,1,0
36,192,77462,1,0
180,192,77562,1,0
468,192,77662,1,0
324,192,77662,1,0
36,192,77662,1,0
396,192,77762,1,0
108,192,77762,1,0
252,192,77862,1,0
180,192,77862,1,0
396,192,77962,1,0
324,192,77962,1,0
108,192,77962,1,0
468,192,78062,1,0
36,192,78062,1,0
252,192,78162,1,0
108,192,78162,1,0
396,192,78262,1,0
468,192,78262,1,0
180,192,78262,1,0
108,192,78362,1,0
468,192,78462,1,0
324,192,78662,1,0
108,192,78662,1,0
468,192,78862,1,0
396,192,78862,1,0
36,192,78862,1,0
108,192,78962,1,0
324,192,79062,1,0
36,192,79162,1,0
468,192,79262,1,0
252,192,79262,1,0
324,192,79462,1,0
36,192,79462,1,0
108,192,79562,1,0
468,192,79662,1,0
396,192,79662,1,0
36,192,79762,1,0
324,192,79862,1,0
108,192,79862,1,0
468,192,80062,1,0
324,192,80262,1,0
252,192,80262,1,0
468,192,80462,1,0
396,192,80462,1,0
36,192,80462,1,0
108,192,80562,1,0
324,192,80662,1,0
252,192,80762,1,0
468,192,80862,1,0
36,192,80962,1,0
324,192,81062,1,0
108,192,81062,1,0
468,192,81262,1,0
396,192,81262,1,0
36,192,81262,1,0
180,192,81362,1,0
324,192,81462,1,0
396,192,81562,1,0
108,192,81562,1,0
36,192,81662,1,0
180,192,81862,1,0
324,192,81862,1,0
252,192,82062,1,0
36,192,82062,1,0
108,192,82062,1,0
324,192,82162,1,0
180,192,82262,1,0
252,192,82362,1,0
36,192,82462,1,0
468,192,82462,1,0
180,192,82662,1,0
252,192,82662,1,0
324,192,82762,1,0
108,192,82862,1,0
36,192,82862,1,0
252,192,82962,1,0
180,192,83062,1,0
396,192,83062,1,0
468,192,83162,1,0
36,192,83262,1,0
324,192,83262,1,0
396,192,83362,1,0
180,192,83462,1,0
468,192,83462,1,0
108,192,83662,1,0
36,192,83662,1,0
252,192,83662,1,0
468,192,83762,1,0
180,192,83862,1,0
396,192,83962,1,0
36,192,84062,1,0
252,192,84062,1,0
108,192,84162,1,0
180,192,84262,1,0
468,192,84262,1,0
252,192,84462,1,0
36,192,84462,1,0
108,192,84462,1,0
324,192,84562,1,0
396,192,84662,1,0
180,192,84662,1,0
468,192,84762,1,0
468,192,84862,1,0
108,192,85062,1,0
324,192,85062,1,0
36,192,85262,1,0
468,192,85262,1,0
396,192,85262,1,0
108,192,85362,1,0
324,192,85462,1,0
36,192,85562,1,0
252,192,85662,1,0
468,192,85662,1,0
36,192,85862,1,0
324,192,85862,1,0
108,192,85962,1,0
468,192,86062,1,0
396,192,86062,1,0
36,192,86162,1,0
108,192,86262,1,0
324,192,86262,1,0
468,192,86462,1,0
252,192,86662,1,0
324,192,86662,1,0
36,192,86862,1,0
468,192,86862,1,0
396,192,86862,1,0
108,192,86962,1,0
324,192,87062,1,0
252,192,87162,1,0
468,192,87262,1,0
36,192,87362,1,0
108,192,87462,1,0
324,192,87462,1,0
36,192,87662,1,0
468,192,87662,1,0
396,192,87662,1,0
180,192,87762,1,0
324,192,87862,1,0
108,192,87962,1,0
396,192,87962,1,0
36,192,88062,1,0
324,192,88262,1,0
180,192,88262,1,0
36,192,88462,1,0
108,192,88462,1,0
252,192,88462,1,0
324,192,88562,1,0
180,192,88662,1,0
252,192,88762,1,0
468,192,88862,1,0
36,192,88862,1,0
252,192,89062,1,0
180,192,89062,1,0
324,192,89162,1,0
108,192,89262,1,0
36,192,89262,1,0
252,192,89362,1,0
396,192,89462,1,0
180,192,89462,1,0
468,192,89562,1,0
324,192,89662,1,0
36,192,89662,1,0
396,192,89762,1,0
468,192,89862,1,0
180,192,89862,1,0
252,192,90062,1,0
108,192,90062,1,0
36,192,90062,1,0
468,192,90162,1,0
180,192,90262,1,0
396,192,90362,1,0
252,192,90462,1,0
36,192,90462,1,0
108,192,90562,1,0
468,192,90662,1,0
180,192,90662,1,0
252,192,90862,1,0
108,192,90862,1,0
36,192,90862,1,0
324,192,90962,1,0
396,192,91062,1,0
180,192,91062,1,0
468,192,91162,1,0
108,192,91262,1,0
36,192,91262,1,0
252,192,91462,1,0
180,192,91462,1,0
324,192,91662,1,0
252,192,91662,1,0
36,192,91662,1,0
108,192,91662,1,0
396,192,91862,1,0
324,192,91862,1,0
36,192,92062,1,0
252,192,92462,1,0
36,192,92462,1,0
180,192,92462,1,0
324,192,92662,1,0
396,192,92862,1,0
36,192,92862,1,0
468,192,92962,1,0
396,192,93062,1,0
324,192,93162,1,0
108,192,93262,1,0
36,192,93262,1,0
396,192,93262,1,0
324,192,93362,1,0
252,192,93462,1,0
180,192,93562,1,0
324,192,93662,1,0
36,192,93662,1,0
252,192,93762,1,0
180,192,93862,1,0
108,192,93962,1,0
252,192,94062,1,0
396,192,94062,1,0
468,192,94062,1,0
180,192,94162,1,0
108,192,94262,1,0
36,192,94362,1,0
324,192,94362,1,0
468,192,94462,1,0
108,192,94462,1,0
180,192,94462,1,0
252,192,94662,1,0
108,192,94662,1,0
252,192,94862,1,0
180,192,94862,1,0
396,192,94862,1,0
468,192,94862,1,0
324,192,95062,1,0
180,192,95062,1,0
468,192,95262,1,0
180,192,95662,1,0
324,192,95662,1,0
468,192,95662,1,0
252,192,95862,1,0
324,192,96062,1,0
468,192,96062,1,0
252,192,96162,1,0
180,192,96262,1,0
108,192,96362,1,0
252,192,96462,1,0
468,192,96462,1,0
396,192,96462,1,0
180,192,96562,1,0
108,192,96662,1,0
36,192,96762,1,0
180,192,96862,1,0
468,192,96862,1,0
108,192,96962,1,0
396,192,96962,1,0
324,192,97062,1,0
252,192,97162,1,0
108,192,97262,1,0
468,192,97262,1,0
324,192,97262,1,0
108,192,97662,1,0
36,192,97662,1,0
180,192,97862,1,0
252,192,97862,1,0
252,192,98062,1,0
324,192,98062,1,0
36,192,98062,1,0
108,192,98062,1,0
324,192,98262,1,0
396,192,98262,1,0
36,192,98462,1,0
252,192,98862,1,0
36,192,98862,1,0
180,192,98862,1,0
324,192,99062,1,0
396,192,99262,1,0
36,192,99262,1,0
468,192,99362,1,0
396,192,99462,1,0
324,192,99562,1,0
108,192,99662,1,0
36,192,99662,1,0
396,192,99662,1,0
324,192,99762,1,0
252,192,99862,1,0
180,192,99962,1,0
324,192,100062,1,0
36,192,100062,1,0
252,192,100162,1,0
180,192,100262,1,0
108,192,100362,1,0
252,192,100462,1,0
396,192,100462,1,0
468,192,100462,1,0
180,192,100562,1,0
108,192,100662,1,0
36,192,100762,1,0
396,192,100762,1,0
468,192,100862,1,0
180,192,100862,1,0
108,192,100862,1,0
108,192,101062,1,0
252,192,101062,1,0
180,192,101262,1,0
252,192,101262,1,0
396,192,101262,1,0
468,192,101262,1,0
180,192,101462,1,0
324,192,101462,1,0
468,192,101662,1,0
468,192,102062,1,0
324,192,102062,1,0
180,192,102062,1,0
252,192,102262,1,0
324,192,102462,1,0
468,192,102462,1,0
252,192,102562,1,0
180,192,102662,1,0
108,192,102762,1,0
252,192,102862,1,0
468,192,102862,1,0
180,192,102962,1,0
324,192,103062,1,0
396,192,103162,1,0
324,192,103262,1,0
468,192,103262,1,0
252,192,103362,1,0
396,192,103362,1,0
180,192,103462,1,0
468,192,103462,1,0
108,192,103562,1,0
396,192,103562,1,0
252,192,103662,1,0
36,192,103662,1,0
324,192,103762,1,0
108,192,103762,1,0
396,192,103862,1,0
36,192,103862,1,0
108,192,103962,1,0
468,192,103962,1,0
36,192,104062,1,0
468,192,104062,1,0
324,192,104262,1,0
252,192,104262,1,0
180,192,104362,1,0
396,192,104462,1,0
468,192,104462,1,0
108,192,104462,1,0
180,192,104562,1,0
252,192,104562,1,0
108,192,104662,1,0
36,192,104762,1,0
396,192,104862,1,0
180,192,104862,1,0
324,192,104862,1,0
252,192,104962,1,0
108,192,105062,1,0
180,192,105162,1,0
252,192,105162,1,0
108,192,105262,1,0
468,192,105262,1,0
396,192,105262,1,0
36,192,105362,1,0
324,192,105462,1,0
252,192,105462,1,0
180,192,105562,1,0
468,192,105662,1,0
36,192,105662,1,0
180,192,105762,1,0
324,192,105762,1,0
252,192,105862,1,0
36,192,105962,1,0
396,192,106062,1,0
468,192,106062,1,0
180,192,106062,1,0
324,192,106062,1,0
252,192,106162,1,0
108,192,106262,1,0
180,192,106362,1,0
252,192,106362,1,0
396,192,106462,1,0
108,192,106462,1,0
36,192,106562,1,0
180,192,106662,1,0
252,192,106662,1,0
324,192,106762,1,0
468,192,106862,1,0
396,192,106862,1,0
108,192,106862,1,0
180,192,106962,1,0
252,192,106962,1,0
36,192,107062,1,0
396,192,107162,1,0
324,192,107162,1,0
252,192,107162,1,0
36,192,107262,1,0
396,192,107462,1,0
468,192,107462,1,0
324,192,107562,1,0
36,192,107662,1,0
108,192,107662,1,0
180,192,107662,1,0
324,192,107762,1,0
468,192,107762,1,0
396,192,107862,1,0
180,192,107962,1,0
108,192,108062,1,0
324,192,108062,1,0
396,192,108062,1,0
252,192,108162,1,0
180,192,108262,1,0
324,192,108362,1,0
468,192,108362,1,0
36,192,108462,1,0
108,192,108462,1,0
252,192,108462,1,0
180,192,108562,1,0
396,192,108662,1,0
468,192,108662,1,0
324,192,108762,1,0
36,192,108862,1,0
180,192,108862,1,0
252,192,108962,1,0
396,192,109062,1,0
468,192,109062,1,0
324,192,109162,1,0
36,192,109262,1,0
108,192,109262,1,0
252,192,109262,1,0
324,192,109362,1,0
396,192,109362,1,0
468,192,109462,1,0
180,192,109562,1,0
108,192,109662,1,0
396,192,109662,1,0
468,192,109662,1,0
36,192,109762,1,0
324,192,109762,1,0
252,192,109862,1,0
324,192,109962,1,0
468,192,109962,1,0
252,192,110062,1,0
108,192,110062,1,0
36,192,110062,1,0
180,192,110162,1,0
396,192,110262,1,0
324,192,110262,1,0
252,192,110362,1,0
468,192,110462,1,0
324,192,110662,1,0
252,192,110662,1,0
180,192,110762,1,0
396,192,110862,1,0
468,192,110862,1,0
36,192,110862,1,0
180,192,110962,1,0
252,192,110962,1,0
108,192,111062,1,0
36,192,111162,1,0
396,192,111262,1,0
108,192,111262,1,0
252,192,111262,1,0
180,192,111362,1,0
36,192,111462,1,0
180,192,111562,1,0
252,192,111562,1,0
468,192,111662,1,0
396,192,111662,1,0
108,192,111662,1,0
36,192,111762,1,0
324,192,111862,1,0
252,192,111862,1,0
180,192,111962,1,0
468,192,112062,1,0
108,192,112062,1,0
180,192,112162,1,0
252,192,112162,1,0
324,192,112262,1,0
36,192,112362,1,0
468,192,112462,1,0
396,192,112462,1,0
180,192,112462,1,0
324,192,112462,1,0
252,192,112562,1,0
108,192,112662,1,0
324,192,112762,1,0
252,192,112762,1,0
396,192,112862,1,0
180,192,112862,1,0
36,192,112962,1,0
180,192,113062,1,0
252,192,113062,1,0
108,192,113162,1,0
468,192,113262,1,0
396,192,113262,1,0
36,192,113262,1,0
108,192,113362,1,0
252,192,113362,1,0
324,192,113462,1,0
396,192,113562,1,0
180,192,113562,1,0
252,192,113562,1,0
36,192,113662,1,0
324,192,113862,1,0
396,192,113862,1,0
252,192,113962,1,0
108,192,114062,1,0
36,192,114062,1,0
180,192,114062,1,0
252,192,114162,1,0
396,192,114162,1,0
324,192,114262,1,0
180,192,114362,1,0
108,192,114462,1,0
324,192,114462,1,0
396,192,114462,1,0
468,192,114562,1,0
180,192,114662,1,0
252,192,114762,1,0
396,192,114762,1,0
36,192,114862,1,0
108,192,114862,1,0
468,192,114862,1,0
180,192,114962,1,0
396,192,115062,1,0
468,192,115062,1,0
324,192,115162,1,0
36,192,115262,1,0
252,192,115262,1,0
324,192,115362,1,0
396,192,115462,1,0
468,192,115462,1,0
324,192,115562,1,0
108,192,115662,1,0
36,192,115662,1,0
252,192,115662,1,0
324,192,115762,1,0
396,192,115762,1,0
252,192,115862,1,0
180,192,115962,1,0
108,192,116062,1,0
324,192,116062,1,0
468,192,116062,1,0
36,192,116162,1,0
396,192,116162,1,0
252,192,116262,1,0
324,192,116362,1,0
396,192,116362,1,0
108,192,116462,1,0
36,192,116462,1,0
468,192,116462,1,0
252,192,116562,1,0
468,192,116662,1,0
396,192,116662,1,0
36,192,116862,1,0
468,192,116862,1,0
252,192,117062,1,0
324,192,117062,1,0
180,192,117162,1,0
396,192,117262,1,0
468,192,117262,1,0
108,192,117262,1,0
252,192,117362,1,0
180,192,117362,1,0
108,192,117462,1,0
36,192,117562,1,0
396,192,117662,1,0
180,192,117662,1,0
324,192,117662,1,0
252,192,117762,1,0
108,192,117862,1,0
252,192,117962,1,0
180,192,117962,1,0
468,192,118062,1,0
396,192,118062,1,0
108,192,118062,1,0
36,192,118162,1,0
252,192,118262,1,0
324,192,118262,1,0
180,192,118362,1,0
468,192,118462,1,0
36,192,118462,1,0
324,192,118562,1,0
180,192,118562,1,0
252,192,118662,1,0
36,192,118762,1,0
396,192,118862,1,0
468,192,118862,1,0
180,192,118862,1,0
324,192,118862,1,0
252,192,118962,1,0
108,192,119062,1,0
252,192,119162,1,0
180,192,119162,1,0
396,192,119262,1,0
108,192,119262,1,0
36,192,119362,1,0
252,192,119462,1,0
180,192,119462,1,0
324,192,119562,1,0
108,192,119662,1,0
396,192,119662,1,0
468,192,119662,1,0
252,192,119762,1,0
180,192,119762,1,0
36,192,119862,1,0
396,192,119962,1,0
252,192,119962,1,0
324,192,119962,1,0
36,192,120062,1,0
468,192,120262,1,0
396,192,120262,1,0
324,192,120362,1,0
36,192,120462,1,0
108,192,120462,1,0
180,192,120462,1,0
468,192,120562,1,0
324,192,120562,1,0
396,192,120662,1,0
180,192,120762,1,0
108,192,120862,1,0
396,192,120862,1,0
324,192,120862,1,0
252,192,120962,1,0
180,192,121062,1,0
468,192,121162,1,0
324,192,121162,1,0
36,192,121262,1,0
108,192,121262,1,0
252,192,121262,1,0
180,192,121362,1,0
468,192,121462,1,0
396,192,121462,1,0
324,192,121562,1,0
36,192,121662,1,0
180,192,121662,1,0
252,192,121762,1,0
468,192,121862,1,0
396,192,121862,1,0
324,192,121962,1,0
36,192,122062,1,0
108,192,122062,1,0
252,192,122062,1,0
396,192,122162,1,0
324,192,122162,1,0
468,192,122262,1,0
180,192,122362,1,0
108,192,122462,1,0
396,192,122462,1,0
468,192,122462,1,0
36,192,122562,1,0
324,192,122562,1,0
252,192,122662,1,0
468,192,122762,1,0
324,192,122762,1,0
252,192,122862,1,0
108,192,122862,1,0
36,192,122862,1,0
180,192,122962,1,0
324,192,123062,1,0
396,192,123062,1,0
252,192,123162,1,0
468,192,123262,1,0
252,192,123462,1,0
324,192,123462,1,0
180,192,123562,1,0
468,192,123662,1,0
396,192,123662,1,0
36,192,123662,1,0
252,192,123762,1,0
180,192,123762,1,0
108,192,123862,1,0
36,192,123962,1,0
396,192,124062,1,0
252,192,124062,1,0
108,192,124062,1,0
180,192,124162,1,0
36,192,124262,1,0
252,192,124362,1,0
180,192,124362,1,0
396,192,124462,1,0
468,192,124462,1,0
108,192,124462,1,0
36,192,124562,1,0
252,192,124662,1,0
324,192,124662,1,0
180,192,124762,1,0
468,192,124862,1,0
108,192,124862,1,0
252,192,124962,1,0
180,192,124962,1,0
324,192,125062,1,0
36,192,125162,1,0
396,192,125262,1,0
468,192,125262,1,0
180,192,125262,1,0
324,192,125262,1,0
252,192,125362,1,0
108,192,125462,1,0
252,192,125562,1,0
324,192,125562,1,0
396,192,125662,1,0
180,192,125662,1,0
36,192,125762,1,0
252,192,125862,1,0
180,192,125862,1,0
108,192,125962,1,0
468,192,126062,1,0
396,192,126062,1,0
36,192,126062,1,0
252,192,126162,1,0
108,192,126162,1,0
324,192,126262,1,0
396,192,126362,1,0
252,192,126362,1,0
180,192,126362,1,0
36,192,126462,1,0
396,192,126662,1,0
324,192,126662,1,0
252,192,126762,1,0
108,192,126862,1,0
180,192,126862,1,0
396,192,126962,1,0
252,192,126962,1,0
324,192,127062,1,0
180,192,127162,1,0
36,192,127262,1,0
396,192,127262,1,0
324,192,127262,1,0
468,192,127362,1,0
180,192,127462,1,0
396,192,127562,1,0
252,192,127562,1,0
108,192,127662,1,0
468,192,127662,1,0
180,192,127762,1,0
468,192,127862,1,0
396,192,127862,1,0
324,192,127962,1,0
36,192,128062,1,0
252,192,128062,1,0
324,192,128162,1,0
36,192,128262,1,0
468,192,128262,1,0
396,192,128262,1,0
324,192,128362,1,0
108,192,128462,1,0
252,192,128462,1,0
396,192,128562,1,0
324,192,128562,1,0
36,192,128662,1,0
252,192,128662,1,0
180,192,128762,1,0
324,192,128862,1,0
468,192,128862,1,0
36,192,128862,1,0
108,192,128962,1,0
396,192,128962,1,0
180,192,129062,1,0
252,192,129062,1,0
324,192,129162,1,0
396,192,129162,1,0
108,192,129162,1,0
36,192,129262,1,0
468,192,129262,1,0
108,192,129362,1,0
252,192,129362,1,0
180,192,129462,1,0
396,192,129462,1,0
468,192,129462,1,0
108,192,129562,1,0
468,192,129662,1,0
180,192,129662,1,0
36,192,129662,1,0
324,192,129662,1,0
