###FILE ALREADY PARSED###
BPM 64 120
11035.43 0 7
11035.43 0 3
11121.14 0 4
11292.57 0 3
11378.29 0 6
11378.29 0 4
11549.71 0 2
11635.43 0 1
11806.86 0 2
11892.57 0 7
11892.57 0 1
12064 0 2
12064 0 6
12235.43 0 1
12406.86 0 7
12406.86 0 4
12492.57 0 5
12664 0 4
12749.71 0 6
12749.71 0 5
12921.14 0 3
13006.86 0 2
13178.29 0 3
13264 0 7
13264 0 2
13435.43 0 6
13435.43 0 3
13606.86 0 2
13778.29 0 1
13778.29 0 5
13864 0 6
14035.43 0 5
14121.14 0 2
14121.14 0 6
14292.57 0 4
14378.29 0 3
14549.71 0 4
14635.43 0 1
14635.43 0 3
14806.86 0 2
14806.86 0 4
14978.29 0 3
15149.71 0 1
15149.71 0 3
15235.43 0 4
15406.86 0 3
15492.57 0 2
15492.57 0 4
15578.29 0 5
15664 0 6
15749.71 0 7
15835.43 0 3
15921.14 0 4
16006.86 0 1
16006.86 0 5
16092.57 0 6
16178.29 0 7
16178.29 0 2
16264 0 6
16349.71 0 5
16435.43 0 4
16521.14 0 3
16521.14 0 7
16606.86 0 4
16778.29 0 3
16864 0 4
16864 0 6
17035.43 0 2
17121.14 0 1
17292.57 0 2
17378.29 0 1
17378.29 0 7
17549.71 0 6
17549.71 0 2
17721.14 0 1
17892.57 0 4
17892.57 0 7
17978.29 0 5
18149.71 0 4
18235.43 0 5
18235.43 0 6
18406.86 0 3
18492.57 0 2
18664 0 3
18749.71 0 2
18749.71 0 7
18921.14 0 3
18921.14 0 6
19092.57 0 2
19264 0 5
19264 0 1
19349.71 0 6
19521.14 0 5
19606.86 0 6
19606.86 0 2
19778.29 0 4
19864 0 3
20035.43 0 4
20121.14 0 3
20121.14 0 1
20292.57 0 4
20292.57 0 2
20464 0 3
20635.43 0 3
20635.43 0 1
20721.14 0 4
20892.57 0 3
20978.29 0 4
20978.29 0 2
21064 0 5
21149.71 0 6
21235.43 0 7
21321.14 0 3
21406.86 0 4
21492.57 0 1
21492.57 0 5
21578.29 0 6
21664 0 2
21664 0 7
21749.71 0 6
21835.43 0 5
21921.14 0 4
22006.86 0 7
22006.86 0 3
22092.57 0 1
22178.29 0 2
22264 0 4
22349.71 0 6
22349.71 0 1
22435.43 0 2
22521.14 0 4
22606.86 0 5
22864 0 7
23035.43 0 6
23378.29 0 7
23378.29 0 4
23464 0 1
23549.71 0 5
23635.43 0 4
23721.14 0 6
23721.14 0 1
23806.86 0 2
23892.57 0 3
23978.29 0 4
24235.43 0 7
24406.86 0 6
24749.71 0 1
24749.71 0 5
24835.43 0 3
24921.14 0 4
25006.86 0 6
25092.57 0 2
25092.57 0 3
25178.29 0 4
25264 0 6
25349.71 0 7
25606.86 0 1
25778.29 0 2
26121.14 0 1
26121.14 0 3
26206.86 0 4
26292.57 0 5
26378.29 0 6
26464 0 2
26464 0 4
26549.71 0 5
26635.43 0 6
26721.14 0 7
26806.86 0 3
26892.57 0 5
26978.29 0 1
26978.29 0 6
27064 0 4
27149.71 0 2
27149.71 0 7
27235.43 0 6
27321.14 0 5
27406.86 0 4
27492.57 0 7
27492.57 0 3
27578.29 0 1
27664 0 2
27749.71 0 4
27835.43 0 6
27835.43 0 1
27921.14 0 2
28006.86 0 4
28092.57 0 5
28349.71 0 7
28521.14 0 6
28864 0 7
28864 0 4
28949.71 0 1
29035.43 0 5
29121.14 0 4
29206.86 0 6
29206.86 0 1
29292.57 0 2
29378.29 0 3
29464 0 4
29721.14 0 7
29892.57 0 6
30235.43 0 1
30235.43 0 5
30321.14 0 3
30406.86 0 4
30492.57 0 6
30578.29 0 2
30578.29 0 3
30664 0 4
30749.71 0 6
30835.43 0 7
31092.57 0 1
31264 0 2
31606.86 0 1
31606.86 0 3
31692.57 0 4
31778.29 0 5
31864 0 6
31949.71 0 2
31949.71 0 4
32035.43 0 5
32121.14 0 6
32206.86 0 7
32292.57 0 3
32378.29 0 5
32464 0 1
32464 0 6
32549.71 0 4
32635.43 0 7
32635.43 0 2
32721.14 0 6
32806.86 0 5
32892.57 0 4
32978.29 0 7
32978.29 0 3
33064 0 1
33149.71 0 2
33235.43 0 4
33321.14 0 6
33321.14 0 1
33406.86 0 2
33492.57 0 3
33578.29 0 4
33664 0 6
33749.71 0 5
33835.43 0 1
33835.43 0 4
34006.86 0 2
34006.86 0 4
34178.29 0 5
34264 0 6
34349.71 0 7
34349.71 0 4
34435.43 0 1
34521.14 0 5
34606.86 0 4
34692.57 0 6
34692.57 0 1
34778.29 0 2
34864 0 3
34949.71 0 4
35035.43 0 7
35121.14 0 6
35206.86 0 1
35206.86 0 5
35292.57 0 4
35378.29 0 2
35378.29 0 6
35464 0 5
35549.71 0 4
35635.43 0 6
35721.14 0 7
35721.14 0 3
35806.86 0 1
35892.57 0 2
35978.29 0 4
36064 0 6
36064 0 1
36149.71 0 2
36235.43 0 3
36321.14 0 4
36406.86 0 6
36492.57 0 5
36578.29 0 1
36578.29 0 4
36749.71 0 2
36749.71 0 4
36921.14 0 5
37006.86 0 6
37092.57 0 7
37092.57-37435.43 0 3
37435.43 0 6
37435.43-37778.29 0 5
37778.29-38121.15 0 4
37949.71 0 7
38121.14-38464 0 2
38121.14 0 6
38464 0 3
38464 0 7
38549.71 0 1
38635.43 0 2
38721.14 0 4
38806.86 0 1
38806.86 0 6
38892.57 0 2
38978.29 0 3
39064 0 4
39149.71 0 6
39235.43 0 5
39321.14 0 4
39321.14 0 1
39492.57 0 4
39492.57 0 2
39664 0 5
39749.71 0 6
39835.43 0 7
39835.43 0 4
39921.14 0 1
40006.86 0 5
40092.57 0 4
40178.29 0 6
40178.29 0 1
40264 0 2
40349.71 0 3
40435.43 0 4
40521.14 0 7
40606.86 0 6
40692.57 0 5
40692.57 0 1
40778.29 0 4
40864 0 6
40864 0 2
40949.71 0 5
41035.43 0 4
41121.14 0 6
41206.86 0 3
41206.86 0 7
41292.57 0 1
41378.29 0 2
41464 0 4
41549.71 0 1
41549.71 0 6
41635.43 0 2
41721.14 0 3
41806.86 0 4
41892.57 0 6
41978.29 0 5
42064 0 4
42064 0 1
42235.43 0 4
42235.43 0 2
42406.86 0 5
42492.57 0 6
42578.29-42921.15 0 3
42578.29 0 7
42921.14-43264 0 5
42921.14 0 6
43264-43606.86 0 4
43435.43 0 7
43606.86 0 6
43606.86-43949.72 0 2
43949.71 0 7
43949.71 0 4
43949.71 0 1
44035.43 0 5
44206.86 0 4
44292.57 0 5
44464 0 3
44549.71 0 2
44721.14 0 3
44806.86 0 2
44978.29 0 3
45149.71 0 2
45321.14 0 5
45406.86 0 6
45578.29 0 5
45664 0 6
45835.43 0 3
45921.14 0 4
46092.57 0 3
46178.29 0 4
46349.71 0 3
46521.14 0 4
46692.57 0 3
46778.29 0 5
46949.71 0 3
47035.43 0 5
47206.86 0 4
47292.57 0 2
47464 0 4
47549.71 0 2
47721.14 0 4
47892.57 0 2
48064 0 4
48149.71 0 6
48321.14 0 4
48406.86 0 6
48578.29 0 3
48664 0 5
48835.43 0 3
48921.14 0 5
49092.57 0 3
49264 0 5
49435.43 0 1
49435.43 0 7
49778.29 0 7
49778.29 0 1
49949.71 0 6
49949.71 0 2
50292.57 0 6
50292.57 0 2
50464 0 5
50464 0 3
50806.86 0 5
50806.86 0 3
51149.71 0 5
51149.71 0 3
51321.14 0 6
51321.14 0 2
51664 0 6
51664 0 2
51835.43 0 7
51835.43 0 1
52178.29 0 7
52178.29 0 3
52521.14 0 6
52521.14 0 2
52692.57 0 7
52692.57 0 3
53035.43 0 7
53035.43 0 3
53206.86 0 6
53206.86 0 2
53549.71 0 5
53549.71 0 1
53892.57 0 6
53892.57 0 2
54064 0 7
54064 0 3
54406.86 0 6
54406.86 0 2
54578.29 0 4
54921.14 0 6
54921.14 0 4
54921.14 0 1
55264 0 2
55264 0 4
55264 0 6
55435.43 0 3
55435.43 0 7
55778.29 0 1
55778.29 0 3
55778.29 0 7
55949.71 0 2
55949.71 0 4
55949.71 0 6
56292.57 0 5
56292.57 0 3
56292.57 0 1
56635.43 0 5
56635.43 0 3
56635.43 0 2
56806.86 0 4
56806.86 0 6
57149.71 0 6
57149.71 0 4
57149.71 0 1
57321.14 0 2
57321.14 0 5
57321.14 0 7
57664 0 7
57664 0 3
57664 0 5
58006.86 0 6
58006.86 0 2
58006.86 0 4
58178.29 0 3
58178.29 0 5
58521.14 0 5
58521.14 0 3
58521.14 0 7
58692.57 0 4
58692.57 0 2
58692.57 0 6
59035.43 0 7
59035.43 0 1
59035.43 0 3
59378.29 0 4
59378.29 0 2
59378.29 0 6
59549.71 0 3
59549.71 0 5
59892.57 0 4
59892.57 0 2
59892.57 0 7
60064 0 6
60064 0 5
60064 0 3
60235.43 0 2
60406.86 0 4
60406.86 0 6
60406.86 0 1
60749.71 0 4
60749.71 0 6
60749.71 0 2
60921.14 0 7
60921.14 0 3
61264 0 3
61264 0 7
61264 0 1
61435.43 0 4
61435.43 0 6
61435.43 0 2
61778.29 0 1
61778.29 0 5
61778.29 0 3
62121.14 0 3
62121.14 0 5
62121.14 0 2
62292.57 0 6
62292.57 0 4
62635.43 0 4
62635.43 0 6
62635.43 0 1
62806.86 0 5
62806.86 0 7
62806.86 0 2
63149.71 0 3
63149.71 0 5
63149.71 0 7
63492.57 0 6
63492.57 0 4
63492.57 0 2
63664 0 5
63664 0 3
64006.86 0 7
64006.86 0 5
64006.86 0 3
64178.29 0 6
64178.29 0 4
64178.29 0 2
64521.14 0 7
64521.14 0 3
64521.14 0 1
64864 0 6
64864 0 4
64864 0 2
65035.43 0 5
65035.43 0 3
65378.29 0 7
65378.29 0 4
65378.29 0 2
65549.70999999999 0 3
65549.70999999999 0 6
65549.70999999999 0 5
65721.14 0 2
65892.57 0 4
65892.57 0 1
65892.57 0 7
65978.29 0 2
66064 0 3
66149.71 0 5
66235.43 0 2
66321.14 0 3
66406.86 0 6
66492.57 0 7
66578.29 0 4
66664 0 2
66749.71 0 3
66835.43 0 5
66921.14 0 2
67006.86 0 3
67092.57 0 6
67178.29 0 7
67264 0 3
67349.71 0 1
67435.43 0 2
67521.14 0 4
67606.86 0 1
67692.57 0 2
67778.29 0 3
67864 0 1
67949.71 0 2
68035.43 0 5
68121.14 0 1
68206.86 0 2
68292.57 0 4
68378.29 0 5
68464 0 6
68549.71 0 7
68635.43 0 3
68721.14 0 1
68806.86 0 2
68892.57 0 4
68978.29 0 1
69064 0 2
69149.72 0 3
69235.43 0 1
69321.14 0 2
69406.86 0 5
69492.57 0 1
69578.29 0 2
69664 0 4
69749.72 0 5
69835.43 0 6
69921.14 0 7
70006.86 0 1
70092.57 0 5
70178.29 0 1
70264 0 5
70349.71 0 2
70435.43 0 6
70521.14 0 2
70606.86 0 6
70692.57 0 3
70778.29 0 7
70864 0 3
70949.71 0 7
71035.43 0 4
71378.29 0 1
71378.29 0 3
71549.71 0 4
71721.14 0 2
71721.14 0 5
71892.57 0 3
71978.29 0 1
72064 0 5
72235.43 0 1
72235.43 0 6
72406.86 0 2
72406.86 0 4
72578.29 0 5
72664 0 6
72749.71 0 1
72749.71 0 7
72921.14 0 4
73092.57 0 2
73092.57 0 6
73135.43 0 7
73264 0 6
73349.71 0 1
73435.43 0 4
73606.86 0 1
73606.86 0 6
73778.29 0 2
73778.29 0 5
73949.71 0 1
73949.71 0 3
74121.14 0 7
74121.14 0 1
74292.57 0 2
74464 0 6
74464 0 3
74635.43 0 1
74721.14 0 7
74806.86 0 3
74978.29 0 7
74978.29 0 4
75149.71 0 6
75149.71 0 2
75321.14 0 3
75406.86 0 4
75492.57 0 7
75492.57 0 5
75664 0 2
75835.43 0 6
75835.43 0 4
75878.29 0 5
76006.86 0 4
76092.57 0 7
76092.57 0 3
76178.29 0 2
76349.71 0 7
76349.71 0 1
76521.14 0 6
76521.14 0 5
76692.57 0 7
76692.57 0 4
76864 0 1
76864 0 3
77035.43 0 4
77206.86 0 5
77206.86 0 2
77378.29 0 3
77464 0 1
77549.71 0 5
77721.14 0 6
77721.14 0 1
77892.57 0 4
77892.57 0 2
78064 0 5
78149.71 0 6
78235.43 0 7
78235.43 0 1
78406.86 0 4
78578.29 0 6
78578.29 0 2
78621.14 0 7
78749.71 0 6
78835.43 0 1
78921.14 0 4
79092.57 0 6
79092.57 0 1
79264 0 5
79264 0 2
79435.43 0 3
79435.43 0 1
79606.86 0 1
79606.86 0 7
79778.29 0 2
79949.71 0 3
79949.71 0 6
80121.14 0 1
80206.86 0 7
80292.57 0 3
80464 0 4
80464 0 7
80635.43 0 2
80635.43 0 6
80806.86 0 3
80892.57 0 4
80978.29 0 5
80978.29 0 7
81149.71 0 2
81321.14 0 4
81321.14 0 6
81364 0 5
81492.57 0 4
81578.29 0 3
81578.29 0 7
81664 0 2
81835.43 0 1
81835.43 0 7
82006.86 0 6
82006.86 0 5
82178.29 0 7
82178.29 0 4
82349.71 0 3
82349.71 0 1
82521.14 0 4
82692.57 0 5
82692.57 0 2
82864 0 3
82949.71 0 1
83035.43 0 5
83206.86 0 6
83206.86 0 1
83378.29 0 4
83378.29 0 2
83549.71 0 5
83635.43 0 6
83721.14 0 7
83721.14 0 1
83892.57 0 4
84064 0 6
84064 0 2
84106.86 0 7
84235.43 0 6
84321.14 0 1
84406.86 0 4
84578.29 0 6
84578.29 0 1
84749.71 0 5
84749.71 0 2
84921.14 0 3
84921.14 0 1
85092.57 0 1
85092.57 0 7
85264 0 2
85435.43 0 3
85435.43 0 6
85606.86 0 1
85692.57 0 7
85778.29 0 3
85949.71 0 4
85949.71 0 7
86121.14 0 2
86121.14 0 6
86292.57 0 3
86378.29 0 4
86464 0 5
86464 0 7
86635.43 0 2
86806.86 0 4
86806.86 0 6
86849.71 0 5
86978.29 0 4
87064 0 3
87064 0 7
87149.71 0 2
87321.14 0 1
87321.14 0 7
87492.57 0 5
87492.57 0 6
87664 0 4
87664 0 7
87835.43 0 3
87835.43 0 1
88006.86 0 4
88178.29 0 2
88178.29 0 5
88349.71 0 3
88435.43 0 1
88521.14 0 5
88692.57 0 1
88692.57 0 6
88864 0 2
88864 0 4
89035.43 0 5
89121.14 0 6
89206.86 0 1
89206.86 0 7
89378.29 0 4
89549.71 0 2
89549.71 0 6
89592.57 0 7
89721.14 0 6
89806.86 0 1
89892.57 0 4
90064 0 1
90064 0 6
90235.43 0 2
90235.43 0 5
90406.86 0 1
90406.86 0 3
90578.29 0 7
90578.29 0 1
90749.71 0 2
90921.14 0 6
90921.14 0 3
91092.57 0 1
91178.29 0 7
91264 0 3
91435.43 0 7
91435.43 0 4
91606.86 0 6
91606.86 0 2
91778.29 0 3
91864 0 4
91949.71 0 7
91949.71 0 5
92121.14 0 2
92292.57 0 6
92292.57 0 4
92335.43 0 5
92464 0 4
92549.71 0 7
92549.71 0 3
92635.43 0 2
92806.86 0 7
92806.86 0 1
92978.29 0 4
93321.14 0 4
93321.14 0 6
93321.14 0 1
93664 0 2
93664 0 6
93664 0 4
93835.43 0 7
93835.43 0 3
93921.14 0 1
94178.29 0 7
94178.29 0 3
94178.29 0 1
94349.71 0 2
94349.71 0 6
94349.71 0 4
94692.57 0 5
94692.57 0 3
94692.57 0 1
95035.43 0 2
95035.43 0 3
95035.43 0 5
95206.86 0 6
95206.86 0 4
95292.57 0 1
95549.71 0 1
95549.71 0 4
95549.71 0 6
95721.14 0 7
95721.14 0 5
95721.14 0 2
95892.57 0 1
96064 0 3
96064 0 5
96064 0 7
96406.86 0 4
96406.86 0 2
96406.86 0 6
96578.29 0 5
96578.29 0 3
96664 0 7
96921.14 0 5
96921.14 0 3
96921.14 0 7
97092.57 0 6
97092.57 0 2
97092.57 0 4
97435.43 0 7
97435.43 0 3
97435.43 0 1
97778.29 0 6
97778.29 0 4
97778.29 0 2
97949.71 0 5
97949.71 0 3
98035.43 0 7
98292.57 0 7
98292.57 0 4
98292.57 0 2
98464 0 5
98464 0 3
98464 0 6
98635.43 0 7
98635.43 0 2
98806.86 0 6
98806.86 0 1
98806.86 0 4
99149.71 0 6
99149.71 0 2
99149.71 0 4
99321.14 0 3
99321.14 0 7
99406.86 0 1
99664 0 7
99664 0 1
99664 0 3
99835.43 0 4
99835.43 0 2
99835.43 0 6
100178.29 0 3
100178.29 0 1
100178.29 0 5
100521.14 0 3
100521.14 0 2
100521.14 0 5
100692.57 0 4
100692.57 0 6
100778.29 0 1
101035.43 0 6
101035.43 0 1
101035.43 0 4
101206.86 0 7
101206.86 0 2
101206.86 0 5
101378.29 0 1
101549.71 0 5
101549.71 0 7
101549.71 0 3
101892.57 0 4
101892.57 0 6
101892.57 0 2
102064 0 3
102064 0 5
102149.71 0 7
102406.86 0 5
102406.86 0 7
102406.86 0 3
102578.29 0 4
102578.29 0 6
102578.29 0 2
102921.14 0 6
102921.14 0 3
102921.14 0 1
103092.57 0 7
103178.29 0 6
103264 0 4
103264 0 2
103349.71 0 7
103435.43 0 3
103435.43 0 5
103435.43 0 6
103606.86 0 7
103692.57 0 6
103778.29 0 4
103778.29 0 2
103864 0 7
103949.71 0 6
104292.57 0 4
104292.57 0 1
104292.57 0 6
104635.43 0 6
104635.43 0 2
104635.43 0 4
104806.86 0 3
104806.86 0 7
104892.57 0 1
105149.71 0 3
105149.71 0 1
105149.71 0 7
105321.14 0 6
105321.14 0 2
105321.14 0 4
105664 0 5
105664 0 1
105664 0 3
106006.86 0 5
106006.86 0 2
106006.86 0 3
106178.29 0 4
106178.29 0 6
106264 0 1
106521.14 0 4
106521.14 0 1
106521.14 0 6
106692.57 0 7
106692.57 0 2
106692.57 0 5
106864 0 1
107035.43 0 5
107035.43 0 7
107035.43 0 3
107378.29 0 4
107378.29 0 6
107378.29 0 2
107549.71 0 3
107549.71 0 5
107635.43 0 7
107892.57 0 5
107892.57 0 7
107892.57 0 3
108064 0 4
108064 0 6
108064 0 2
108406.86 0 3
108406.86 0 1
108406.86 0 7
108749.71 0 4
108749.71 0 6
108749.71 0 2
108921.14 0 3
108921.14 0 5
109006.86 0 7
109264 0 4
109264 0 7
109264 0 2
109435.43 0 3
109435.43 0 6
109435.43 0 5
109606.86 0 2
109606.86 0 7
109778.29 0 1
109778.29 0 4
109778.29 0 6
110121.14 0 2
110121.14 0 4
110121.14 0 6
110292.57 0 7
110292.57 0 3
110378.29 0 1
110635.43 0 3
110635.43 0 7
110635.43 0 1
110806.86 0 2
110806.86 0 4
110806.86 0 6
111149.71 0 1
111149.71 0 3
111149.71 0 5
111492.57 0 3
111492.57 0 5
111492.57 0 2
111664 0 6
111664 0 4
111749.71 0 1
112006.86 0 1
112006.86 0 6
112006.86 0 4
112178.29 0 2
112178.29 0 7
112178.29 0 5
112349.71 0 1
112521.14 0 5
112521.14 0 3
112521.14 0 7
112864 0 2
112864 0 4
112864 0 6
113035.43 0 5
113035.43 0 3
113121.14 0 7
113378.29 0 7
113378.29 0 5
113378.29 0 3
113549.71 0 2
113549.71 0 4
113549.71 0 6
113892.57 0 3
113892.57 0 6
113892.57 0 1
114064 0 7
114149.71 0 6
114235.43 0 2
114235.43 0 4
114321.14 0 7
114406.86 0 5
114406.86 0 3
114406.86 0 6
114578.29 0 7
114664 0 6
114749.71 0 2
114749.71 0 4
114835.43 0 7
114921.14 0 6
115264 0 4
115264 0 1
115264 0 7
115349.72 0 5
115521.14 0 4
115606.86 0 5
115778.29 0 3
115864 0 2
116035.43 0 3
116121.14 0 2
116292.57 0 3
116464 0 2
116635.43 0 5
116721.14 0 6
116892.57 0 5
116978.29 0 6
117149.72 0 3
117235.43 0 4
117406.86 0 3
117492.57 0 4
117664 0 3
117835.43 0 4
118006.86 0 3
118092.57 0 5
118264 0 3
118349.72 0 5
118521.14 0 4
118606.86 0 2
118778.29 0 4
118864 0 2
119035.43 0 4
119206.86 0 2
119378.29 0 4
119464 0 6
119635.43 0 4
119721.14 0 6
119892.57 0 3
119978.29 0 5
120149.72 0 3
120235.43 0 5
120406.86 0 3
120578.29 0 5
120749.72 0 7
120749.72 0 1
121092.57 0 1
121092.57 0 7
121264 0 2
121264 0 6
121606.86 0 2
121606.86 0 6
121778.29 0 3
121778.29 0 5
122121.14 0 3
122121.14 0 5
122464 0 3
122464 0 5
122635.43 0 2
122635.43 0 6
122978.29 0 2
122978.29 0 6
123149.72 0 1
123149.72 0 7
123492.57 0 3
123492.57 0 7
123835.43 0 2
123835.43 0 6
124006.86 0 3
124006.86 0 7
124349.72 0 3
124349.72 0 7
124521.14 0 2
124521.14 0 6
124864 0 1
124864 0 5
125206.86 0 2
125206.86 0 6
125378.29 0 3
125378.29 0 7
125721.14 0 2
125721.14 0 6
125892.57 0 4
126235.43 0 4
126235.43 0 1
126235.43 0 6
126578.29 0 6
126578.29 0 2
126578.29 0 4
126749.72 0 7
126749.72 0 3
127092.57 0 3
127092.57 0 7
127092.57 0 1
127264 0 2
127264 0 6
127264 0 4
127606.86 0 5
127606.86 0 1
127606.86 0 3
127949.72 0 3
127949.72 0 5
127949.72 0 2
128121.14 0 6
128121.14 0 4
128464 0 4
128464 0 1
128464 0 6
128635.43 0 5
128635.43 0 2
128635.43 0 7
128978.29 0 5
128978.29 0 7
128978.29 0 3
129321.14 0 2
129321.14 0 6
129321.14 0 4
129492.57 0 5
129492.57 0 3
129835.43 0 7
129835.43 0 5
129835.43 0 3
130006.86 0 6
130006.86 0 4
130006.86 0 2
130349.72 0 3
130349.72 0 7
130349.72 0 1
130692.57 0 2
130692.57 0 6
130692.57 0 4
130864 0 5
130864 0 3
131206.86 0 7
131206.86 0 4
131206.86 0 2
131378.29 0 5
131378.29 0 3
131378.29 0 6
131549.72 0 2
131721.14 0 4
131721.14 0 1
131721.14 0 6
132064 0 4
132064 0 2
132064 0 6
132235.43 0 3
132235.43 0 7
132578.29 0 7
132578.29 0 3
132578.29 0 1
132749.71 0 6
132749.71 0 2
132749.71 0 4
133092.57 0 5
133092.57 0 1
133092.57 0 3
133435.43 0 3
133435.43 0 2
133435.43 0 5
133606.86 0 4
133606.86 0 6
133949.71 0 4
133949.71 0 1
133949.71 0 6
134121.14 0 2
134121.14 0 5
134121.14 0 7
134464 0 7
134464 0 3
134464 0 5
134806.86 0 4
134806.86 0 6
134806.86 0 2
134978.29 0 3
134978.29 0 5
135321.14 0 7
135321.14 0 3
135321.14 0 5
135492.57 0 4
135492.57 0 6
135492.57 0 2
135835.43 0 7
135835.43 0 1
135835.43 0 3
136178.29 0 4
136178.29 0 6
136178.29 0 2
136349.71 0 3
136349.71 0 5
136692.57 0 2
136692.57 0 7
136692.57 0 4
136864 0 6
136864 0 5
136864 0 3
137035.43 0 2
137206.86 0 4
137206.86 0 7
137206.86 0 1
137292.57 0 2
137378.29 0 3
137464 0 5
137549.72 0 2
137635.43 0 3
137721.14 0 6
137806.86 0 7
137892.57 0 4
137978.29 0 2
138064 0 3
138149.72 0 5
138235.43 0 2
138321.14 0 3
138406.86 0 6
138492.57 0 7
138578.29 0 3
138664 0 1
138749.72 0 2
138835.43 0 4
138921.14 0 1
139006.86 0 2
139092.57 0 3
139178.29 0 1
139264 0 2
139349.72 0 5
139435.43 0 1
139521.14 0 2
139606.86 0 4
139692.57 0 5
139778.29 0 6
139864 0 7
139949.72 0 3
140035.43 0 1
140121.14 0 2
140206.86 0 4
140292.57 0 1
140378.29 0 2
140464 0 3
140549.72 0 1
140635.43 0 2
140721.14 0 5
140806.86 0 1
140892.57 0 2
140978.29 0 4
141064 0 5
141149.72 0 6
141235.43 0 7
141321.14 0 1
141406.86 0 5
141492.57 0 1
141578.29 0 5
141664 0 2
141749.72 0 6
141835.43 0 2
141921.14 0 6
142006.86 0 3
142092.57 0 7
142178.29 0 3
142264 0 7
142349.72 0 4
142692.57 0 3
142692.57 0 7
142778.29 0 1
142864 0 2
142949.71 0 4
143035.43 0 1
143035.43 0 6
143121.14 0 2
143206.86 0 4
143292.57 0 5
143549.71 0 7
143721.14 0 6
144064 0 7
144064 0 4
144149.71 0 1
144235.43 0 5
144321.14 0 4
144406.86 0 6
144406.86 0 1
144492.57 0 2
144578.29 0 3
144664 0 4
144921.14 0 7
145092.57 0 6
145435.43 0 5
145435.43 0 1
145521.14 0 3
145606.86 0 4
145692.57 0 6
145778.29 0 3
145778.29 0 2
145864 0 4
145949.71 0 6
146035.43 0 7
146292.57 0 1
146464 0 2
146806.86 0 1
146806.86 0 3
146892.57 0 4
146978.29 0 5
147064 0 6
147149.71 0 2
147149.71 0 4
147235.43 0 5
147321.14 0 6
147406.86 0 7
147492.57 0 3
147578.29 0 5
147664 0 1
147664 0 6
147749.71 0 4
147835.43 0 7
147835.43 0 2
147921.14 0 6
148006.86 0 5
148092.57 0 4
148178.29 0 3
148178.29 0 7
148264 0 1
148349.71 0 2
148435.43 0 4
148521.14 0 1
148521.14 0 6
148606.86 0 2
148692.57 0 4
148778.29 0 5
149035.43 0 7
149206.86 0 6
149549.71 0 7
149549.71 0 4
149635.43 0 1
149721.14 0 5
149806.86 0 4
149892.57 0 6
149892.57 0 1
149978.29 0 2
150064 0 3
150149.71 0 4
150406.86 0 7
150578.29 0 6
150921.14 0 5
150921.14 0 1
151006.86 0 3
151092.57 0 4
151178.29 0 6
151264 0 3
151264 0 2
151349.71 0 4
151435.43 0 6
151521.14 0 7
151778.29 0 1
151949.71 0 2
152292.57 0 1
152292.57 0 3
152378.29 0 4
152464 0 5
152549.71 0 6
152635.43 0 2
152635.43 0 4
152721.14 0 5
152806.86 0 6
152892.57 0 7
152978.29 0 3
153064 0 5
153149.71 0 1
153149.71 0 6
153235.43 0 4
153321.14 0 2
153321.14 0 7
153406.86 0 6
153492.57 0 5
153578.29 0 4
153664 0 3
153664 0 7
153749.71 0 1
153835.43 0 2
153921.14 0 4
154006.86 0 1
154006.86 0 6
154092.57 0 2
154178.29 0 3
154264 0 4
154349.71 0 6
154435.43 0 5
154521.14 0 4
154521.14 0 1
154692.57 0 4
154692.57 0 2
154864 0 5
154949.71 0 6
155035.43 0 7
155035.43 0 4
155121.14 0 1
155206.86 0 5
155292.57 0 4
155378.29 0 6
155378.29 0 1
155464 0 2
155549.71 0 3
155635.43 0 4
155721.14 0 7
155806.86 0 6
155892.57 0 5
155892.57 0 1
155978.29 0 4
156064 0 6
156064 0 2
156149.71 0 5
156235.43 0 4
156321.14 0 6
156406.86 0 3
156406.86 0 7
156492.57 0 1
156578.29 0 2
156664 0 4
156749.71 0 1
156749.71 0 6
156835.43 0 2
156921.14 0 3
157006.86 0 4
157092.57 0 6
157178.29 0 5
157264 0 4
157264 0 1
157435.43 0 4
157435.43 0 2
157606.86 0 5
157692.57 0 6
157778.29-158121.15 0 3
157778.29 0 7
158121.14-158464 0 5
158121.14 0 6
158464-158806.86 0 4
158635.43 0 7
158806.86 0 6
158806.86-159149.71999999997 0 2
159149.71 0 7
159149.71 0 3
159235.43 0 1
159321.14 0 2
159406.86 0 4
159492.57 0 6
159492.57 0 1
159578.29 0 2
159664 0 3
159749.71 0 4
159835.43 0 6
159921.14 0 5
160006.86 0 1
160006.86 0 4
160178.29 0 2
160178.29 0 4
160349.71 0 5
160435.43 0 6
160521.14 0 7
160521.14 0 4
160606.86 0 1
160692.57 0 5
160778.29 0 4
160864 0 6
160864 0 1
160949.71 0 2
161035.43 0 3
161121.14 0 4
161206.86 0 7
161292.57 0 6
161378.29 0 1
161378.29 0 5
161464 0 4
161549.71 0 2
161549.71 0 6
161635.43 0 5
161721.14 0 4
161806.86 0 6
161892.57 0 7
161892.57 0 3
161978.29 0 1
162064 0 2
162149.71 0 4
162235.43 0 6
162235.43 0 1
162321.14 0 2
162406.86 0 3
162492.57 0 4
162578.29 0 6
162664 0 5
162749.71 0 1
162749.71 0 4
162921.14 0 2
162921.14 0 4
163092.57 0 5
163178.29 0 6
163264 0 7
163264-163606.86 0 3
163606.86 0 6
163606.86-163949.71999999997 0 5
163949.71-164292.56999999998 0 4
164121.14 0 7
164292.57-164635.43 0 2
164292.57 0 6
164635.43 0 7
164635.43 0 1
164635.43 0 4
164806.86 0 3
164978.29 0 4
165149.71 0 1
165321.14 0 4
165492.57 0 5
165664 0 3
165835.43 0 4
165921.14 0 5
166006.86 0 6
166178.29 0 3
166349.71 0 5
166392.57 0 6
166521.14 0 5
166692.57 0 3
166864 0 5
167035.43 0 4
167206.86 0 3
167378.29 0 1
167549.71 0 3
167721.14 0 4
167892.57 0 1
168064 0 4
168235.43 0 5
168406.86 0 3
168578.29 0 4
168664 0 5
168749.71 0 6
168921.14 0 3
169092.57 0 6
169135.43 0 7
169264 0 6
169349.71 0 5
169435.43 0 4
169606.86 0 3
169778.29 0 6
169949.71 0 5
170121.14 0 1
170292.57 0 3
170464 0 4
170635.43 0 1
170806.86 0 4
170978.29 0 5
171149.71 0 3
171321.14 0 4
171406.86 0 5
171492.57 0 6
171664 0 3
171835.43 0 5
171878.29 0 6
172006.86 0 5
172178.29 0 3
172349.71 0 5
172521.14 0 4
172692.57 0 3
172864 0 1
173035.43 0 3
173206.86 0 4
173378.29 0 1
173549.71 0 4
173721.14 0 5
173892.57 0 3
174064 0 4
174149.71 0 5
174235.43 0 6
174406.86 0 3
174578.29 0 6
174621.14 0 7
174749.71 0 6
174835.43 0 5
174921.14 0 4
175092.57 0 3
175264 0 6
175435.43 0 5
175606.86 0 1
175606.86 0 4
175606.86 0 7
175778.29 0 3
175949.71 0 4
176121.14 0 1
176292.57 0 4
176464 0 5
176635.43 0 3
176806.86 0 4
176892.57 0 5
176978.29 0 6
177149.71 0 3
177321.14 0 5
177364 0 6
177492.57 0 5
177664 0 3
177835.43 0 5
178006.86 0 4
178178.29 0 3
178349.71 0 1
178521.14 0 3
178692.57 0 4
178864 0 1
179035.43 0 4
179206.86 0 5
179378.29 0 3
179549.71 0 4
179635.43 0 5
179721.14 0 6
179892.57 0 3
180064 0 6
180106.86 0 7
180235.43 0 6
180321.14 0 5
180406.86 0 4
180578.29 0 3
180749.71 0 6
180921.14 0 5
181092.57 0 7
181092.57 0 1
181435.43 0 1
181435.43 0 7
181606.86 0 2
181606.86 0 6
181949.71 0 2
181949.71 0 6
182121.14 0 3
182121.14 0 5
182464 0 3
182464 0 5
182806.86 0 3
182806.86 0 5
182978.29 0 2
182978.29 0 6
183321.14 0 2
183321.14 0 6
183492.57 0 1
183492.57 0 7
183835.43 0 3
183835.43 0 7
184178.29 0 2
184178.29 0 6
184349.71 0 3
184349.71 0 7
184692.57 0 3
184692.57 0 7
184864 0 2
184864 0 6
185206.86 0 1
185206.86 0 5
185549.71 0 2
185549.71 0 6
185721.14 0 3
185721.14 0 7
186064 0 2
186064 0 6
186235.43 0 7
186235.43 0 3
186406.86 0 4
186578.29 0 7
186578.29 0 1
186578.29 0 4
186664 0 2
186749.72 0 3
186835.43 0 5
186921.14 0 2
187006.86 0 3
187092.57 0 6
187178.29 0 7
187264 0 4
187349.72 0 2
187435.43 0 3
187521.14 0 5
187606.86 0 2
187692.57 0 3
187778.29 0 6
187864 0 7
187949.72 0 3
188035.43 0 1
188121.14 0 2
188206.86 0 4
188292.57 0 1
188378.29 0 2
188464 0 3
188549.72 0 1
188635.43 0 2
188721.14 0 5
188806.86 0 1
188892.57 0 2
188978.29 0 4
189064 0 5
189149.72 0 6
189235.43 0 7
189321.14 0 3
189406.86 0 1
189492.57 0 2
189578.29 0 4
189664 0 1
189749.72 0 2
189835.43 0 3
189921.14 0 1
190006.86 0 2
190092.57 0 5
190178.29 0 1
190264 0 2
190349.72 0 4
190435.43 0 5
190521.14 0 6
190606.86 0 7
190692.57 0 1
190778.29 0 5
190864 0 1
190949.72 0 5
191035.43 0 2
191121.14 0 6
191206.86 0 2
191292.57 0 6
191378.29 0 3
191464 0 7
191549.72 0 3
191635.43 0 7
191721.14 0 4
192064 0 3
192064 0 1
192235.43 0 4
192406.86 0 5
192406.86 0 2
192578.29 0 3
192664 0 1
192749.71 0 5
192921.14 0 6
192921.14 0 1
193092.57 0 4
193092.57 0 2
193264 0 5
193349.71 0 6
193435.43 0 7
193435.43 0 1
193606.86 0 4
193778.29 0 6
193778.29 0 2
193821.14 0 7
193949.71 0 6
194035.43 0 1
194121.14 0 4
194292.57 0 6
194292.57 0 1
194464 0 5
194464 0 2
194635.43 0 3
194635.43 0 1
194806.86 0 1
194806.86 0 7
194978.29 0 2
195149.71 0 3
195149.71 0 6
195321.14 0 1
195406.86 0 7
195492.57 0 3
195664 0 4
195664 0 7
195835.43 0 2
195835.43 0 6
196006.86 0 3
196092.57 0 4
196178.29 0 5
196178.29 0 7
196349.71 0 2
196521.14 0 4
196521.14 0 6
196564 0 5
196692.57 0 4
196778.29 0 3
196778.29 0 7
196864 0 2
197035.43 0 1
197035.43 0 7
197206.86 0 5
197206.86 0 6
197378.29 0 4
197378.29 0 7
197549.71 0 3
197549.71 0 1
197721.14 0 4
197892.57 0 2
197892.57 0 5
198064 0 3
198149.71 0 1
198235.43 0 5
198406.86 0 1
198406.86 0 6
198578.29 0 2
198578.29 0 4
198749.71 0 5
198835.43 0 6
198921.14 0 1
198921.14 0 7
199092.57 0 4
199264 0 2
199264 0 6
199306.86 0 7
199435.43 0 6
199521.14 0 1
199606.86 0 4
199778.29 0 1
199778.29 0 6
199949.71 0 2
199949.71 0 5
200121.14 0 1
200121.14 0 3
200292.57 0 7
200292.57 0 1
200464 0 2
200635.43 0 6
200635.43 0 3
200806.86 0 1
200892.57 0 7
200978.29 0 3
201149.71 0 7
201149.71 0 4
201321.14 0 6
201321.14 0 2
201492.57 0 3
201578.29 0 4
201664 0 7
201664 0 5
201835.43 0 2
202006.86 0 6
202006.86 0 4
202049.71 0 5
202178.29 0 4
202264 0 7
202264 0 3
202349.71 0 2
202521.14 0 7
202521.14 0 1
202692.57 0 5
202692.57 0 6
202864 0 7
202864 0 4
203035.43 0 1
203035.43 0 3
203206.86 0 4
203378.29 0 2
203378.29 0 5
203549.71 0 3
203635.43 0 1
203721.14 0 5
203892.57 0 1
203892.57 0 6
204064 0 2
204064 0 4
204235.43 0 5
204321.14 0 6
204406.86 0 1
204406.86 0 7
204578.29 0 4
204749.71 0 2
204749.71 0 6
204792.57 0 7
204921.14 0 6
205006.86 0 1
205092.57 0 4
205264 0 1
205264 0 6
205435.43 0 2
205435.43 0 5
205606.86 0 1
205606.86 0 3
205778.29 0 7
205778.29 0 1
205949.71 0 2
206121.14 0 6
206121.14 0 3
206292.57 0 1
206378.29 0 7
206464 0 3
206635.43 0 7
206635.43 0 4
206806.86 0 6
206806.86 0 2
206978.29 0 3
207064 0 4
207149.71 0 7
207149.71 0 5
207321.14 0 2
207492.57 0 6
207492.57 0 4
207535.43 0 5
207664 0 4
207749.71 0 7
207749.71 0 3
207835.43 0 2
208006.86 0 7
208006.86 0 1
208178.29 0 6
208178.29 0 5
208349.71 0 7
208349.71 0 4
208521.14 0 1
208521.14 0 3
208692.57 0 4
208864 0 5
208864 0 2
209035.43 0 3
209121.14 0 1
209206.86 0 5
209378.29 0 6
209378.29 0 1
209549.71 0 4
209549.71 0 2
209721.14 0 5
209806.86 0 6
209892.57 0 7
209892.57 0 1
210064 0 4
210235.43 0 6
210235.43 0 2
210278.29 0 7
210406.86 0 6
210492.57 0 1
210578.29 0 4
210749.71 0 6
210749.71 0 1
210921.14 0 5
210921.14 0 2
211092.57 0 3
211092.57 0 1
211264 0 1
211264 0 7
211435.43 0 2
211606.86 0 3
211606.86 0 6
211778.29 0 1
211864 0 7
211949.71 0 3
212121.14 0 4
212121.14 0 7
212292.57 0 2
212292.57 0 6
212464 0 3
212549.71 0 4
212635.43 0 5
212635.43 0 7
212806.86 0 2
212978.29 0 4
212978.29 0 6
213021.14 0 5
213149.71 0 4
213235.43 0 3
213235.43 0 7
213321.14 0 2
213492.57 0 1
213492.57 0 7
213664 0 6
213664 0 4
213835.43 0 7
213835.43 0 3
214006.86 0 6
214006.86 0 1
214006.86 0 4
214349.71 0 6
214349.71 0 4
214349.71 0 2
214521.14 0 3
214521.14 0 7
214606.86 0 1
214864 0 3
214864 0 1
214864 0 7
215035.43 0 6
215035.43 0 4
215035.43 0 2
215378.29 0 3
215378.29 0 1
215378.29 0 5
215721.14 0 3
215721.14 0 5
215721.14 0 2
215892.57 0 4
215892.57 0 6
215978.29 0 1
216235.43 0 4
216235.43 0 6
216235.43 0 1
216406.86 0 5
216406.86 0 2
216406.86 0 7
216578.29 0 1
216749.71 0 5
216749.71 0 7
216749.71 0 3
217092.57 0 2
217092.57 0 6
217092.57 0 4
217264 0 3
217264 0 5
217349.71 0 7
217606.86 0 3
217606.86 0 7
217606.86 0 5
217778.29 0 2
217778.29 0 4
217778.29 0 6
218121.14 0 3
218121.14 0 1
218121.14 0 7
218464 0 4
218464 0 2
218464 0 6
218635.43 0 3
218635.43 0 5
218721.14 0 7
218978.29 0 4
218978.29 0 2
218978.29 0 7
219149.71 0 3
219149.71 0 6
219149.71 0 5
219321.14 0 2
219321.14 0 7
219492.57 0 1
219492.57 0 4
219492.57 0 6
219835.43 0 2
219835.43 0 4
219835.43 0 6
220006.86 0 7
220006.86 0 3
220092.57 0 1
220349.71 0 1
220349.71 0 3
220349.71 0 7
220521.14 0 2
220521.14 0 6
220521.14 0 4
220864 0 1
220864 0 5
220864 0 3
221206.86 0 2
221206.86 0 5
221206.86 0 3
221378.29 0 6
221378.29 0 4
221464 0 1
221721.14 0 1
221721.14 0 4
221721.14 0 6
221892.57 0 2
221892.57 0 5
221892.57 0 7
222064 0 1
222235.43 0 7
222235.43 0 3
222235.43 0 5
222578.29 0 6
222578.29 0 2
222578.29 0 4
222749.71 0 5
222749.71 0 3
222835.43 0 7
223092.57 0 7
223092.57 0 3
223092.57 0 5
223264 0 6
223264 0 2
223264 0 4
223606.86 0 3
223606.86 0 1
223606.86 0 6
223778.29 0 7
223864 0 6
223949.71 0 2
223949.71 0 4
224035.43 0 7
224121.14 0 5
224121.14 0 3
224121.14 0 6
224292.57 0 7
224378.29 0 6
224464 0 2
224464 0 4
224549.71 0 7
224635.43 0 6
224978.29 0 1
224978.29 0 6
224978.29 0 4
225321.14 0 2
225321.14 0 4
225321.14 0 6
225492.57 0 7
225492.57 0 3
225578.29 0 1
225835.43 0 1
225835.43 0 7
225835.43 0 3
226006.86 0 2
226006.86 0 4
226006.86 0 6
226349.71 0 1
226349.71 0 3
226349.71 0 5
226692.57 0 2
226692.57 0 3
226692.57 0 5
226864 0 6
226864 0 4
226949.71 0 1
227206.86 0 1
227206.86 0 6
227206.86 0 4
227378.29 0 2
227378.29 0 5
227378.29 0 7
227549.71 0 1
227721.14 0 7
227721.14 0 3
227721.14 0 5
228064 0 6
228064 0 2
228064 0 4
228235.43 0 5
228235.43 0 3
228321.14 0 7
228578.29 0 7
228578.29 0 3
228578.29 0 5
228749.71 0 6
228749.71 0 2
228749.71 0 4
229092.57 0 1
229092.57 0 7
229092.57 0 3
229435.43 0 6
229435.43 0 2
229435.43 0 4
229606.86 0 5
229606.86 0 3
229692.57 0 7
229949.71 0 7
229949.71 0 2
229949.71 0 4
230121.14 0 6
230121.14 0 5
230121.14 0 3
230292.57 0 7
230292.57 0 2
230464 0 4
230464 0 6
230464 0 1
230806.86 0 4
230806.86 0 6
230806.86 0 2
230978.29 0 3
230978.29 0 7
231064 0 1
231321.14 0 7
231321.14 0 1
231321.14 0 3
231492.57 0 4
231492.57 0 6
231492.57 0 2
231835.43 0 3
231835.43 0 5
231835.43 0 1
232178.29 0 5
232178.29 0 2
232178.29 0 3
232349.71 0 4
232349.71 0 6
232435.43 0 1
232692.57 0 6
232692.57 0 4
232692.57 0 1
232864 0 7
232864 0 5
232864 0 2
233035.43 0 1
233206.86 0 3
233206.86 0 7
233206.86 0 5
233549.71 0 4
233549.71 0 6
233549.71 0 2
233721.14 0 3
233721.14 0 5
233806.86 0 7
234064 0 5
234064 0 3
234064 0 7
234235.43 0 4
234235.43 0 6
234235.43 0 2
234578.29 0 6
234578.29 0 1
234578.29 0 3
234749.71 0 7
234835.43 0 6
234921.14 0 4
234921.14 0 2
235006.86 0 7
235092.57 0 3
235092.57 0 5
235092.57 0 6
235264 0 7
235349.71 0 6
235435.43 0 4
235435.43 0 2
235521.14 0 7
235606.86 0 6
235949.71 0 3
235949.71 0 7
236035.43 0 1
236121.14 0 2
236206.86 0 4
236292.57 0 1
236292.57 0 6
236378.29 0 2
236464 0 4
236549.71 0 5
236806.86 0 7
236978.29 0 6
237321.14 0 7
237321.14 0 4
237406.86 0 1
237492.57 0 5
237578.29 0 4
237664 0 6
237664 0 1
237749.71 0 2
237835.43 0 3
237921.14 0 4
238178.29 0 7
238349.71 0 6
238692.57 0 5
238692.57 0 1
238778.29 0 3
238864 0 4
238949.71 0 6
239035.43 0 3
239035.43 0 2
239121.14 0 4
239206.86 0 6
239292.57 0 7
239549.71 0 1
239721.14 0 2
240064 0 1
240064 0 3
240149.71 0 4
240235.43 0 5
240321.14 0 6
240406.86 0 2
240406.86 0 4
240492.57 0 5
240578.29 0 6
240664 0 7
240749.71 0 3
240835.43 0 5
240921.14 0 1
240921.14 0 6
241006.86 0 4
241092.57 0 7
241092.57 0 2
241178.29 0 6
241264 0 5
241349.71 0 4
241435.43 0 3
241435.43 0 7
241521.14 0 1
241606.86 0 2
241692.57 0 4
241778.29 0 1
241778.29 0 6
241864 0 2
241949.71 0 4
242035.43 0 5
242292.57 0 7
242464 0 6
242806.86 0 7
242806.86 0 4
242892.57 0 1
242978.29 0 5
243064 0 4
243149.71 0 6
243149.71 0 1
243235.43 0 2
243321.14 0 3
243406.86 0 4
243664 0 7
243835.43 0 6
244178.29 0 5
244178.29 0 1
244264 0 3
244349.71 0 4
244435.43 0 6
244521.14 0 3
244521.14 0 2
244606.86 0 4
244692.57 0 6
244778.29 0 7
245035.43 0 1
245206.86 0 2
245549.71 0 1
245549.71 0 3
245635.43 0 4
245721.14 0 5
245806.86 0 6
245892.57 0 2
245892.57 0 4
245978.29 0 5
246064 0 6
246149.71 0 7
246235.43 0 3
246321.14 0 5
246406.86 0 1
246406.86 0 6
246492.57 0 4
246578.29 0 2
246578.29 0 7
246664 0 6
246749.71 0 5
246835.43 0 4
246921.14 0 3
246921.14 0 7
247006.86 0 1
247092.57 0 2
247178.29 0 4
247264 0 1
247264 0 6
247349.72 0 2
247435.43 0 3
247521.14 0 4
247606.86 0 6
247692.57 0 5
247778.29 0 4
247778.29 0 1
247949.71 0 4
247949.71 0 2
248121.14 0 5
248206.86 0 6
248292.57 0 7
248292.57 0 4
248378.29 0 1
248464 0 5
248549.72 0 4
248635.43 0 6
248635.43 0 1
248721.14 0 2
248806.86 0 3
248892.57 0 4
248978.29 0 7
249064 0 6
249149.71 0 5
249149.71 0 1
249235.43 0 4
249321.14 0 6
249321.14 0 2
249406.86 0 5
249492.57 0 4
249578.29 0 6
249664 0 3
249664 0 7
249749.71 0 1
249835.43 0 2
249921.14 0 4
250006.86 0 1
250006.86 0 6
250092.57 0 2
250178.29 0 3
250264 0 4
250349.71 0 6
250435.43 0 5
250521.14 0 4
250521.14 0 1
250692.57 0 4
250692.57 0 2
250864 0 5
250949.71 0 6
251035.43-251378.28999999998 0 3
251035.43 0 7
251378.29-251721.15 0 5
251378.29 0 6
251721.14-252064 0 4
251892.57 0 7
252064 0 6
252064-252406.86 0 2
252406.86 0 7
252406.86 0 3
252492.57 0 1
252578.29 0 2
252664 0 4
252749.71 0 6
252749.71 0 1
252835.43 0 2
252921.14 0 3
253006.86 0 4
253092.57 0 6
253178.29 0 5
253264 0 1
253264 0 4
253435.43 0 2
253435.43 0 4
253606.86 0 5
253692.57 0 6
253778.29 0 7
253778.29 0 4
253864 0 1
253949.71 0 5
254035.43 0 4
254121.14 0 6
254121.14 0 1
254206.86 0 2
254292.57 0 3
254378.29 0 4
254464 0 7
254549.71 0 6
254635.43 0 1
254635.43 0 5
254721.14 0 4
254806.86 0 2
254806.86 0 6
254892.57 0 5
254978.29 0 4
255064 0 6
255149.71 0 7
255149.71 0 3
255235.43 0 1
255321.14 0 2
255406.86 0 4
255492.57 0 6
255492.57 0 1
255578.29 0 2
255664 0 3
255749.71 0 4
255835.43 0 6
255921.14 0 5
256006.86 0 1
256006.86 0 4
256178.29 0 2
256178.29 0 4
256349.71 0 5
256435.43 0 6
256521.14 0 7
256521.14-256864 0 3
256864 0 6
256864-257206.86 0 5
257206.86-257549.71999999997 0 4
257378.29 0 7
257549.71 0 6
257549.71-260635.41999999998 0 2
257892.57 0 1
257892.57 0 7